Labs-50: 5.000000 5.000000 5.000000 5.000000 5.000000 5.000000 5.000000 5.000000 5.000000
Assignments-500: 100.000000 100.000000 50.000000 100.000000 50.000000
Term Project-350: 300.000000
Review Project-30: 30.000000
Final-100: 89.000000